0.41321596749375183
0.3947709411527466
0.39020761921937747
0.38310779995446026
0.38052544542129857
0.3828421502180621
0.37705488365431367
0.37476490057762396
0.36281880225634233
0.35595030604170436
0.35062858104702327
0.34737230080885656
0.34825617729497105
0.3388309549043785
0.3330593407120256
0.3360404296109558
0.3300489140144132
0.33202515967301494
0.3273845093838226
0.320540385681567
0.31803658944038676
0.3189968961456073
0.32066302239064154
0.31595861858916097
0.3145257053188261
0.31013878408361617
0.30969243524830364
0.30819045719333077
0.30894986718141104
0.30156361710519697
0.30371953630910853
0.308088308131065
0.3051672207802293
0.3037074286165671
0.30854954919937433
0.30812663761431186
0.30371605796552786
0.30607945002179143
0.30743151944056835
0.3099248054702521
0.3072758811233942
0.30540184895449657
0.3032724362406425
0.30381464501994426
0.3027252395500258
0.30308184605273897
0.30651959360041375
0.30642495499799427
0.3047310344577386
0.30418606215411753
0.3096529272021745
0.30919054259781553
0.3090304651659867
0.3009766115537147
0.2988334757885984
0.2984221830657569
0.292064609673765
0.28991899377837427
0.2891425546206762
0.28499226802010563
0.2835739290108122
0.2863524505562506
0.2866748312919954
0.2881650918444347
0.28736149562985525
0.28438687918252253
0.28004423433458975
0.28083705015630056
0.2808925406841035
0.27915167592093254
0.2761709962008189
0.27959863993169476
0.28422651375802394
0.28293367324604374
0.28544150689149556
0.2868038989341171
0.2864169603798713
0.28505341535163176
0.2773230010253787
0.2763006551842114
0.27891563909055633
0.28014176299096877
0.2720965602688681
0.27294802786895894
0.2696485166312053
0.26615641644834437
0.26575221979499114
0.26439801649893213
0.2626735553747466
0.264266598801669
0.26650768948948234
0.26832753316079316
0.2671200699590303
0.26294666243776477
0.26407835298036975
0.2647211881424431
0.26162385662692145
0.2624271518283156
0.2621172591417109
0.26464991745201133
0.2668683256288973
0.26503727428416646
0.2640306751732787
0.2677338208754182
0.2677016944810479
0.27003999915058163
0.26661822923335954
0.26567079297855617
0.265757780097859
0.26115880092646593
0.2600893012246188
0.2566349534282836
0.25524845891819414
0.25714031922186553
0.257952739727051
0.2505611270775512
0.24861083207918955
0.24674027279058666
0.248766208100956
0.24581971158386157
0.24621031195590187
0.24449883422819063
0.24352489030866428
0.24475889749856003
0.24631212283156884
0.24273434943634806
0.24082816590712725
0.24234375688975188
0.24239586380866623
0.24583357993417582
0.24731055635543997
0.24034552179454413
0.24427244375019597
0.2394954313001006
0.240740589876988
0.24295029661158843
0.24364254880782854
0.24912967167302216
0.25251377820341947
0.25146541768678543
0.25090578412897013
0.25417431853953776
0.25552576577169395
0.25367691449191104
0.24924997749152522
0.2500632190884044
0.24891307610670688
0.2443555492348835
0.2386293564907139
0.2422422434614263
0.24900972061022714
0.2500969897306127
0.24949600521651955
0.24673077938199303
0.24782810552631132
0.25260219411960344
0.25429215916860876
0.256544012652751
0.25969132229891934
0.2569516095912278
0.2551365978345567
0.2592778306465195
0.2578796738174866
0.2524533475513885
0.25260831005583945
0.24694499784342108
0.24817553369855358
0.24905601365765848
0.24916113439232496
0.25128029868536966
0.2523828061610082
0.25517027110220286
0.24895853817669863
0.2500684660518589
0.25053681071949424
0.24810593227407143
0.2508060375009396
0.25063154918002795
0.2535390674474186
0.25018519614245843
0.2528881306456344
0.25253115719663877
0.25083138718000547
0.2460057192135982
0.24721209838170657
0.2445037939082106
0.2494997689196072
0.2506458996867896
0.24775355983430447
0.24121645702485003
0.23648434121238424
0.23563755269768605
0.23220163589049184
0.2325165524437132
0.22695266890066476
0.22323432821647946
0.22252990417898502
0.22283696760090477
0.22264603808676245
0.2226187616929279
0.22310746174093085
0.22909479250477935
0.2282137785039216
0.22571085297933505
0.22573329531451541
0.22751098458060126
0.22487418236922965
0.22942303134710867
0.22354055250728497
0.22658931701634616
0.22321889064956324
0.22755181657413787
0.22916022308881467
0.2317793925024624
0.23578588288783406
0.23742173743555792
0.23818437504979265
0.23116310534373338
0.22648332476169064
0.22687754878984615
0.23157863048379834
0.23372168244257527
0.23149838533036826
0.2266365223531818
0.22302627458779434
0.2175828074650223
0.216191544027684
0.21077194859848505
0.21309648610698453
0.21513761515510196
0.2127435699640609
0.2057829779559896
0.20870584770151218
0.20560328737534894
0.20707705455701123
0.20782856518958048
0.21012873309558983
0.21272696200459337
0.21219356225343908
0.21260441431629784
0.20994058129927448
0.20645082470586446
0.207018988540617
0.20558885807177618
0.20696420293682694
0.2025600160031248
0.20324691473389267
0.200192278247362
0.2001635513823876
0.1991398613446288
0.19857658920789228
0.19980169078876378
0.20325217911820415
0.19694907332074008
0.1952559312952772
0.1949306231063389
0.19509157789218873
0.19591092650770892
0.19759494642284134
0.19540612855765352
0.19909050656018495
0.19450682353685098
0.19361524378693223
0.192674700648243
0.1918887071833495
0.19280688985524164
0.19280315575362816
0.18964871783765672
0.19095215344291677
0.18790464759197184
0.1841807412576373
0.1860269451262249
0.18567466143760647
0.1900761525768949
0.18968384245539543
0.18840697049254246
0.18983450420832348
0.1836083308507876
0.18269438910907057
0.17464470202611895
0.17173229732350354
0.1690286958234511
0.16317355710250223
0.16301938646078432
0.16033881929774538
0.16552847427029793
0.16750688487096574
0.16259628649102661
0.16161933995545222
0.15784392539604805
0.15558119737982556
0.1496488837580148
0.1457015891022211
0.14499868056566945
0.14662172041148752
0.143261318302945
0.14501067589889838
0.14527830168584707
0.14846245496483576
0.14713655032900833
0.14796990849486333
0.14763407124275635
0.14539371074579113
0.14402656455937388
0.14412006281313572
0.14074445266733823
0.13953228680541338
0.14059522121774007
0.13913560907158484
0.13145298352415186
0.12612284221835224
0.12791302333906301
0.1267017486640977
0.1300547895967475
0.13093362896074115
0.12758073167299414
0.12573522810557766
0.12796003030994382
0.12918424858158853
0.12832828171421432
0.12871076151490393
0.13176784278106607
0.13002645123095172
0.13390074027987905
0.13078417340706072
0.127935324113053
0.12540368663729282
0.12802742167271625
0.1257204362172559
0.12494668828646592
0.12546109840420594
0.12019581687487065
0.12059558681370285
0.11482335394368424
0.11141858409247499
0.11001853374230039
0.11279225243704359
0.11183958578215451
0.10719958830314937
0.10526909382307088
0.1061323812682911
0.1041311025460996
0.10413607754159733
0.10559931587776171
0.1005821515889019
0.1017975390162623
0.09785358208463046
0.09687277088482922
0.0965221138361786
0.09872334113597885
0.09862603632668332
0.09980203643977827
0.09647017176193946
0.09685507122672984
0.09710880814782281
0.09553021082439836
0.09535677163053978
0.08940168375018398
0.08553381877661301
0.07810834737444092
0.07692191181227309
0.07878315087116602
0.07879384057866051
0.07348874402937208
0.07051941516069936
0.06904267070150981
0.07276891564954872
0.07222714643920931
0.07422268436348024
0.07403437093614688
0.07423445821416085
0.07599624824658696
0.07793838191978023
0.07641683997768993
0.0749082237548208
0.07367471902035716
0.07339525626422702
0.06795516632851277
0.06842101764017924
0.06942953852369324
0.07226664201442959
0.07225230982730434
0.0780994481744022
0.07968572110724692
0.07787311115427481
0.07459264568768319
0.07594608490830924
0.07282940236809313
0.06447019899624787
0.06049048397296424
0.06024068301767374
0.06280382025676483
0.06278883439776446
0.06103591950113262
0.05853760659865442
0.059159798080456016
0.05812602939079288
0.0613563196238313
0.06467866973028642
0.0615829254927644
